0.17914359097500462 -0.5284796025489743 0.5198695100325669 -0.03350126050864058
-0.3941159001450094 1.988089933398528 -1.2625402386505193 -1.239546638819695
2.4721815554550646 -1.031793509738474 1.8269699924001634 1.440554201871537
0.035828718195001434 -0.2768226489542238 0.4010421934536943 0.3685138655950443
1.1823477004350307 -0.5284796025489743 0.5792831683220028 0.23450882356048258
-0.8240605184850203 0.9814621190195273 -1.381367555229392 -1.1055415967851334
-0.5374307729250138 -0.2768226489542238 -0.13368073115123152 0.10050378152592114
1.3256625732150353 0.22649125823527708 0.7575241431903114 1.440554201871537
0.3224584637550091 -2.0384213241174747 0.4010421934536943 0.3685138655950443
-0.2508010273650062 -0.7801365561437236 0.044560243717076994 -0.03350126050864058
0.7524030820950199 0.47814821183002754 0.7575241431903114 1.0385390757678523
-1.6839497551650433 -0.02516569535947337 -1.4407812135188283 -1.507556722888818
-0.680745645705017 1.2331190726142778 -1.5001948718082645 -1.3735516808542567
-1.5406348823850387 0.22649125823527708 -1.381367555229392 -1.507556722888818
-1.2540051368250325 1.988089933398528 -1.381367555229392 -1.239546638819695
0.4657733365350123 0.7298051654247769 0.5198695100325669 0.502518907629606
0.7524030820950199 -0.02516569535947337 1.1734197512163649 1.3065491598369758
-0.5374307729250138 -1.2834504633332244 0.044560243717076994 -0.167506302543202
-0.3941159001450094 -0.5284796025489743 0.4010421934536943 0.10050378152592114
0.6090882093150167 -0.5284796025489743 1.0545924346374924 1.3065491598369758
