0.6594819423570215 -0.3810825558635199
1.3042361598156726 -0.7741493474893443
0.7588279054388571 -1.5629433801346042
0.425458101748383 0.32279030911854595
-1.6148171268167288 0.20547973768472094
-0.7248543814081699 1.5878567123147107
-0.5007764502370371 -0.21611760644746086
0.01767232693153723 1.3241424786650162
1.630122247176696 -0.21646544699630568
1.0992331814449179 -1.3803430620591934
0.06587428553727397 -1.135729598141838
0.2919381960263852 0.8312471870788934
-1.7489042332259719 -0.5830338184053229
1.6809162040917371 0.6542516768596319
-0.33798644614432893 1.357069834995789
-0.4111143313278719 -0.9449510589821992
-1.4075978813599122 0.8259213949054547
-0.5101992109057505 0.30578963204228693
0.41269660824237486 -1.5433090677423418
-1.090207097385084 1.32357597859708
